23.323898792266846
24.426491022109985
26.371164083480835
23.621591091156006
23.415796518325806
26.383724689483643
26.52176785469055
46.25509762763977
22.450979709625244
21.42412829399109
23.61222815513611
24.34242558479309
24.9846408367157
22.396857500076294
23.03977346420288
26.47330093383789
22.58343195915222
25.600030422210693
27.624431133270264
25.34170436859131
25.575483322143555
24.292810201644897
26.98556900024414
38.81166338920593
22.62282681465149
23.143378257751465
21.220319747924805
24.611809253692627
22.671842575073242
23.633798599243164
23.065352201461792
26.120429039001465
21.37521767616272
26.056674242019653
25.60051202774048
26.396249055862427
22.519272089004517
24.53321075439453
21.368646383285522
23.91151738166809
23.55602216720581
38.57995057106018
26.566829681396484
22.335585355758667
30.387029886245728
25.546456575393677
22.294874906539917
23.041524410247803
25.524818420410156
26.599019289016724
21.30423331260681
29.423805713653564
22.993262767791748
25.203710794448853
21.940154314041138
28.164342403411865
29.176126718521118
29.23254084587097
31.157917976379395
27.233627319335938
